BPD_mean: 2.440282106399536
BPD_std: 0.09750024229288101
FID: 10.277694857604729
IS: 8.53535270690918