BPD_mean: 0.48135650157928467
BPD_std: 0.16144363582134247
FID: 13.425037804305248
IS: 8.408992767333984