BPD_mean: 3.508389711380005
BPD_std: 0.06554798781871796
FID: 14.365885566793963
IS: 7.883111953735352