BPD_mean: 2.8276875019073486
BPD_std: 0.0897388905286789
FID: 9.806715041354323
IS: 8.561689376831055