BPD_mean: 1.9548046588897705
BPD_std: 0.10826727002859116
FID: 10.955732708191704
IS: 8.498804092407227